[DASH_CAM]
POS=0.235197,1.0055,-0.42482
EXP=0
